# 仿生微型机器人 - 室内迷宫探测任务
# 坐标单位：分米（dm），适配微尺度环境

(0, 0, "入口Base")
(3, 0, "采样点A")
(6, 0, "采样点B")
(9, 0, "采样点C")
(0, 3, "采样点D")
(3, 3, "中继点R1")
(6, 3, "采样点E")
(9, 3, "充电点Chg1")
(0, 6, "采样点F")
(3, 6, "采样点G")
(6, 6, "中继点R2")
(9, 6, "采样点H")
(3, 9, "充电点Chg2")
(6, 9, "采样点I")

[0, 1, 2, 3, 4, 6, 8, 9, 11, 13]

# 可通行边（含风险代价）
(0, 1, 3.2)    # 基础通道
(1, 2, 3.0)
(2, 3, 3.5)
(0, 4, 3.0)
(1, 5, 4.2)    # 狭窄通道，代价增加
(2, 6, 3.0)
(3, 7, 4.5)    # 磁场干扰区
(4, 5, 3.0)
(5, 6, 3.2)
(6, 7, 3.0)
(4, 8, 3.0)
(5, 9, 3.5)
(6, 10, 3.0)
(7, 11, 3.0)
(9, 10, 3.8)   # 高风险区域
(10, 11, 3.2)
(9, 12, 5.0)   # 到充电点需绕行
(12, 13, 3.5)
(10, 13, 3.0)
