# 无人机低空配送 - 园区走廊网络
# 坐标单位：百米（hm），适配园区尺度

(0, 0, "起降场Depot")
(8, 2, "订单屋顶A")
(14, 2, "订单屋顶B")
(20, 2, "订单屋顶C")
(8, 10, "订单屋顶D")
(14, 10, "订单屋顶E")
(20, 10, "订单屋顶F")
(0, 10, "订单屋顶G")
(4, 5, "充电桩C1")
(12, 6, "充电桩C2")
(18, 6, "充电桩C3")
(6, -4, "走廊接入点W1")
(12, -4, "走廊接入点W2")

[0, 1, 2, 3, 4, 5, 6, 7]

# 审批走廊（可飞行边）
(0, 8, 9.0)     # 起降场-中轴走廊
(8, 1, 6.0)
(1, 9, 7.0)
(9, 2, 6.0)
(2, 10, 7.0)
(10, 3, 6.0)
(8, 7, 7.0)     # 北向走廊
(7, 4, 7.0)
(4, 9, 7.0)
(9, 5, 7.0)
(5, 10, 7.0)
(10, 6, 7.0)
(0, 11, 6.5)    # 南向走廊到东侧
(11, 12, 6.0)
(12, 6, 12.5)
(12, 2, 10.0)   # 跨区连接
